0 0.221459 0.532875 0.011905 0.009750
0 0.242521 0.507125 0.014347 0.011750
0 0.200244 0.534250 0.012821 0.010500
0 0.242063 0.547500 0.012821 0.010500
0 0.173077 0.589250 0.012821 0.010500
0 0.343559 0.612375 0.011905 0.009750
0 0.376984 0.621750 0.012821 0.010500
0 0.298993 0.684875 0.014347 0.011750
0 0.210623 0.709500 0.012821 0.010500
0 0.372558 0.705375 0.011905 0.009750
0 0.258089 0.750125 0.010684 0.008750
0 0.354090 0.777500 0.009768 0.008000
0 0.603480 0.769000 0.012821 0.010500
0 0.621490 0.736500 0.012821 0.010500
0 0.553419 0.718250 0.012821 0.010500
0 0.651557 0.714625 0.011905 0.009750
0 0.691850 0.698375 0.011905 0.009750
0 0.650336 0.664625 0.011905 0.009750
0 0.625611 0.664125 0.010684 0.008750
0 0.684524 0.621125 0.011905 0.009750
0 0.820360 0.585125 0.010684 0.008750
0 0.751068 0.512375 0.011905 0.009750
0 0.733974 0.469875 0.010684 0.008750
0 0.541056 0.480125 0.011905 0.009750
0 0.546856 0.450875 0.011905 0.009750
0 0.608669 0.451750 0.012821 0.010500
0 0.459402 0.544750 0.012821 0.010500
0 0.573107 0.422125 0.011905 0.009750
0 0.600122 0.373500 0.012821 0.010500
0 0.695818 0.361125 0.011905 0.009750
0 0.564560 0.274625 0.011905 0.009750
0 0.626221 0.278125 0.010684 0.008750
0 0.465812 0.245750 0.009768 0.008000
0 0.347833 0.228875 0.011905 0.009750
0 0.351343 0.302500 0.012821 0.010500
0 0.284035 0.303375 0.011905 0.009750
0 0.245269 0.295625 0.010684 0.008750
0 0.284035 0.352625 0.011905 0.009750
0 0.255647 0.374125 0.011905 0.009750
0 0.145452 0.390375 0.010684 0.008750
0 0.122100 0.447500 0.009768 0.008000
0 0.384158 0.448375 0.014347 0.011750
0 0.457265 0.416500 0.012821 0.010500
0 0.318071 0.230500 0.032357 0.026500
0 0.411325 0.263875 0.035714 0.029250
0 0.494048 0.238875 0.039377 0.032250
0 0.544109 0.259875 0.043040 0.035250
0 0.604548 0.343875 0.063187 0.051750
0 0.516331 0.383125 0.063187 0.051750
0 0.505647 0.486375 0.052198 0.042750
0 0.563339 0.508625 0.035714 0.029250
0 0.666056 0.476000 0.029304 0.024000
0 0.616758 0.628375 0.039377 0.032250
0 0.377442 0.581375 0.039377 0.032250