0 0.251032 0.352625 0.013856 0.011750
0 0.227152 0.432125 0.015035 0.012750
0 0.196344 0.449750 0.012382 0.010500
0 0.210348 0.458375 0.010318 0.008750
0 0.213591 0.591625 0.013856 0.011750
0 0.180277 0.641625 0.013856 0.011750
0 0.194133 0.696125 0.010318 0.008750
0 0.197966 0.700375 0.010318 0.008750
0 0.600236 0.768750 0.012382 0.010500
0 0.560584 0.655625 0.013856 0.011750
0 0.587854 0.535250 0.012382 0.010500
0 0.516362 0.463875 0.013856 0.011750
0 0.559847 0.437250 0.012382 0.010500
0 0.568396 0.416000 0.012382 0.010500
0 0.329304 0.630250 0.012382 0.010500
0 0.466834 0.607125 0.013856 0.011750
0 0.458874 0.582875 0.013856 0.011750
0 0.618219 0.305750 0.012382 0.010500
0 0.625147 0.266125 0.011498 0.009750
0 0.508697 0.228625 0.011498 0.009750
0 0.727152 0.347375 0.013856 0.011750
0 0.780808 0.431875 0.013856 0.011750
0 0.234522 0.328625 0.038031 0.032250
0 0.419222 0.327500 0.045991 0.039000
0 0.468603 0.377875 0.041568 0.035250
0 0.340802 0.423500 0.045991 0.039000
0 0.292453 0.409250 0.045991 0.039000
0 0.257960 0.407000 0.045991 0.039000
0 0.243367 0.487125 0.061026 0.051750
0 0.197081 0.488875 0.061026 0.051750
0 0.109522 0.575125 0.034493 0.029250
0 0.278744 0.603625 0.061026 0.051750
0 0.179540 0.696000 0.028302 0.024000
0 0.206810 0.708625 0.034493 0.029250
0 0.638119 0.641125 0.038031 0.032250
0 0.635318 0.587000 0.031250 0.026500
0 0.529776 0.609750 0.055425 0.047000
0 0.704009 0.422500 0.045991 0.039000
0 0.700324 0.391375 0.041568 0.035250
0 0.471403 0.267250 0.045991 0.039000
0 0.302476 0.256500 0.031250 0.026500