0 0.232828 0.424875 0.017636 0.014250
0 0.153929 0.436125 0.017636 0.014250
0 0.109066 0.391625 0.017636 0.014250
0 0.162902 0.346875 0.017636 0.014250
0 0.608137 0.250875 0.017636 0.014250
0 0.731590 0.541375 0.017636 0.014250
0 0.637840 0.490125 0.017636 0.014250
0 0.599783 0.507375 0.017636 0.014250
0 0.696009 0.619875 0.017636 0.014250
0 0.732828 0.670625 0.017636 0.014250
0 0.695080 0.713125 0.017636 0.014250
0 0.409499 0.727625 0.017636 0.014250
0 0.494585 0.577875 0.017636 0.014250
0 0.509437 0.385625 0.017636 0.014250
0 0.463026 0.371625 0.017636 0.014250
0 0.231900 0.372625 0.052908 0.042750
0 0.286665 0.424625 0.052908 0.042750
0 0.202506 0.479875 0.052908 0.042750
0 0.357209 0.487375 0.052908 0.042750
0 0.111850 0.583375 0.052908 0.042750
0 0.326269 0.642625 0.052908 0.042750
0 0.315749 0.741625 0.052908 0.042750
0 0.438892 0.560625 0.052908 0.042750
0 0.600402 0.590375 0.052908 0.042750
0 0.723855 0.637625 0.052908 0.042750
0 0.732983 0.577250 0.032797 0.026500
0 0.511912 0.482875 0.047958 0.038750
0 0.453434 0.498375 0.047958 0.038750
0 0.514078 0.401125 0.047958 0.038750
0 0.773360 0.436125 0.052908 0.042750
0 0.563274 0.330125 0.052908 0.042750