0 0.326878 0.509125 0.013897 0.011750
0 0.399911 0.528125 0.011532 0.009750
0 0.437759 0.615625 0.011532 0.009750
0 0.367534 0.646000 0.012419 0.010500
0 0.323034 0.609125 0.011532 0.009750
0 0.229598 0.580375 0.011532 0.009750
0 0.222501 0.553625 0.008575 0.007250
0 0.179036 0.535125 0.010349 0.008750
0 0.203873 0.481625 0.013897 0.011750
0 0.171053 0.446625 0.010349 0.008750
0 0.151685 0.482750 0.009462 0.008000
0 0.223832 0.438000 0.009462 0.008000
0 0.258131 0.324250 0.009462 0.008000
0 0.245417 0.296500 0.009462 0.008000
0 0.339592 0.341375 0.010349 0.008750
0 0.452543 0.207375 0.013897 0.011750
0 0.509018 0.279625 0.011532 0.009750
0 0.485068 0.296375 0.011532 0.009750
0 0.664548 0.352125 0.013897 0.011750
0 0.561650 0.404125 0.011532 0.009750
0 0.680071 0.463750 0.012419 0.010500
0 0.764636 0.442000 0.012419 0.010500
0 0.599202 0.496625 0.011532 0.009750
0 0.673714 0.547875 0.011532 0.009750
0 0.586783 0.585375 0.010349 0.008750
0 0.740390 0.648250 0.012419 0.010500
0 0.394293 0.703875 0.010349 0.008750
0 0.337522 0.739875 0.010349 0.008750
0 0.251183 0.700875 0.008575 0.007250
0 0.145772 0.684000 0.009462 0.008000
0 0.364134 0.383625 0.011532 0.009750
0 0.480928 0.631125 0.010349 0.008750
0 0.460231 0.329875 0.041691 0.035250
0 0.422383 0.295375 0.045831 0.038750
0 0.395476 0.226375 0.045831 0.038750
0 0.238764 0.255625 0.041691 0.035250
0 0.178445 0.358375 0.050562 0.042750
0 0.136753 0.510375 0.045831 0.038750
0 0.249409 0.547375 0.050562 0.042750
0 0.138232 0.590125 0.045831 0.038750
0 0.207126 0.622875 0.050562 0.042750
0 0.242904 0.631375 0.045831 0.038750
0 0.289030 0.618125 0.045831 0.038750
0 0.360585 0.538625 0.050562 0.042750
0 0.429036 0.541500 0.055588 0.047000
0 0.463631 0.530500 0.037847 0.032000
0 0.507540 0.533875 0.045831 0.038750
0 0.498226 0.613250 0.055588 0.047000
0 0.569190 0.713750 0.037847 0.032000
0 0.520846 0.759625 0.041691 0.035250
0 0.608368 0.772875 0.041691 0.035250
0 0.662626 0.685500 0.037847 0.032000
0 0.666913 0.645375 0.045831 0.038750
0 0.632466 0.632000 0.037847 0.032000
0 0.662478 0.586875 0.041691 0.035250
0 0.638971 0.519750 0.055588 0.047000
0 0.575843 0.393625 0.050562 0.042750
0 0.640893 0.286875 0.050562 0.042750