0 0.262275 0.493750 0.012809 0.010500
0 0.231930 0.492625 0.011894 0.009750
0 0.143336 0.481500 0.012809 0.010500
0 0.249771 0.440500 0.012809 0.010500
0 0.217902 0.398875 0.014334 0.011750
0 0.246874 0.384875 0.011894 0.009750
0 0.226746 0.381375 0.015554 0.012750
0 0.225679 0.365750 0.012809 0.010500
0 0.347057 0.279750 0.012809 0.010500
0 0.430467 0.301375 0.014334 0.011750
0 0.623818 0.334375 0.017383 0.014250
0 0.646081 0.369125 0.015554 0.012750
0 0.766392 0.519750 0.012809 0.010500
0 0.734828 0.547875 0.011894 0.009750
0 0.631595 0.509250 0.012809 0.010500
0 0.588899 0.517500 0.012809 0.010500
0 0.720952 0.661750 0.009759 0.008000
0 0.744587 0.654375 0.008844 0.007250
0 0.609485 0.716875 0.011894 0.009750
0 0.456389 0.737625 0.011894 0.009750
0 0.480177 0.628625 0.014334 0.011750
0 0.353156 0.644500 0.012809 0.010500
0 0.186490 0.702625 0.014334 0.011750
0 0.281488 0.647000 0.012809 0.010500
0 0.419640 0.520250 0.012809 0.010500
0 0.456694 0.502375 0.010674 0.008750
0 0.500610 0.547375 0.011894 0.009750
0 0.529582 0.481375 0.014334 0.011750
0 0.515554 0.445625 0.011894 0.009750
0 0.433516 0.205125 0.014334 0.011750
0 0.584934 0.374500 0.029277 0.024000
0 0.600183 0.379500 0.021958 0.018000
0 0.593016 0.483125 0.063129 0.051750
0 0.523330 0.477750 0.057335 0.047000
0 0.611619 0.577125 0.063129 0.051750
0 0.564196 0.701250 0.057335 0.047000
0 0.683440 0.690000 0.018298 0.015000
0 0.441446 0.658625 0.052150 0.042750
0 0.387313 0.649500 0.057335 0.047000
0 0.272949 0.712000 0.047575 0.039000
0 0.269137 0.747625 0.039341 0.032250