0 0.302246 0.390375 0.017066 0.014250
0 0.363323 0.380375 0.017066 0.014250
0 0.269012 0.448375 0.017066 0.014250
0 0.252545 0.463375 0.017066 0.014250
0 0.360329 0.564625 0.017066 0.014250
0 0.384581 0.558625 0.017066 0.014250
0 0.449850 0.547875 0.017066 0.014250
0 0.317814 0.590875 0.017066 0.014250
0 0.349551 0.585875 0.017066 0.014250
0 0.512425 0.650875 0.017066 0.014250
0 0.356437 0.697125 0.017066 0.014250
0 0.295060 0.673375 0.017066 0.014250
0 0.425898 0.730625 0.017066 0.014250
0 0.536677 0.762125 0.017066 0.014250
0 0.593563 0.747375 0.011677 0.009750
0 0.356138 0.734625 0.015269 0.012750
0 0.073204 0.423375 0.014072 0.011750
0 0.267216 0.299625 0.015269 0.012750
0 0.222904 0.289625 0.015269 0.012750
0 0.402545 0.315875 0.015269 0.012750
0 0.449850 0.287125 0.017066 0.014250
0 0.592066 0.354625 0.011677 0.009750
0 0.703443 0.369625 0.017066 0.014250
0 0.704491 0.426000 0.009581 0.008000
0 0.636677 0.464375 0.017066 0.014250
0 0.572904 0.470375 0.015269 0.012750
0 0.529192 0.538875 0.017066 0.014250
0 0.470509 0.524875 0.017066 0.014250
0 0.518713 0.486875 0.015269 0.012750
0 0.469012 0.464625 0.017066 0.014250
0 0.632335 0.636250 0.012575 0.010500
0 0.741168 0.630375 0.014072 0.011750
0 0.235479 0.300875 0.061976 0.051750
0 0.158383 0.298500 0.038323 0.032000
0 0.489671 0.290625 0.061976 0.051750
0 0.607934 0.261125 0.042216 0.035250
0 0.567665 0.332750 0.068263 0.057000
0 0.483832 0.348750 0.056287 0.047000
0 0.551048 0.386625 0.042216 0.035250
0 0.533234 0.398500 0.056287 0.047000
0 0.493862 0.394625 0.061976 0.051750
0 0.663174 0.488500 0.068263 0.057000
0 0.487575 0.555125 0.061976 0.051750
0 0.414371 0.580500 0.082635 0.069000
0 0.394311 0.620250 0.009581 0.008000
0 0.466766 0.660750 0.082635 0.069000
0 0.561377 0.749750 0.074850 0.062500
0 0.360180 0.792500 0.056287 0.047000
0 0.325150 0.739000 0.068263 0.057000
0 0.636078 0.671625 0.046407 0.038750
0 0.216018 0.677375 0.042216 0.035250
0 0.180689 0.661875 0.046407 0.038750
0 0.163024 0.691625 0.046407 0.038750
0 0.148503 0.538250 0.082635 0.069000
0 0.092665 0.496625 0.061976 0.051750
0 0.064820 0.562125 0.046407 0.038750