0 0.313679 0.749250 0.012382 0.010500
0 0.279334 0.525875 0.010318 0.008750
0 0.249558 0.436125 0.010318 0.008750
0 0.577093 0.464875 0.008550 0.007250
0 0.759581 0.582625 0.011498 0.009750
0 0.591392 0.393250 0.007665 0.006500
0 0.490713 0.211375 0.034493 0.029250
0 0.546285 0.245500 0.031250 0.026500
0 0.621020 0.318375 0.045696 0.038750
0 0.747347 0.445250 0.037736 0.032000
0 0.612323 0.508750 0.037736 0.032000
0 0.642394 0.568000 0.037736 0.032000
0 0.579304 0.574250 0.028302 0.024000
0 0.588886 0.687125 0.034493 0.029250
0 0.580483 0.728000 0.037736 0.032000
0 0.544222 0.734750 0.037736 0.032000
0 0.553803 0.771875 0.041568 0.035250
0 0.487323 0.762500 0.037736 0.032000
0 0.461527 0.730625 0.041568 0.035250
0 0.220371 0.772375 0.045696 0.038750
0 0.198555 0.635375 0.025649 0.021750
0 0.297022 0.340125 0.050413 0.042750
0 0.280071 0.402750 0.055425 0.047000
0 0.330926 0.401625 0.050413 0.042750