0 0.206055 0.506348 0.119141 0.119141
0 0.333496 0.598145 0.098633 0.098633
0 0.468994 0.479736 0.050293 0.062012
0 0.515869 0.483887 0.061035 0.069336
0 0.433350 0.541260 0.089355 0.089355
0 0.556885 0.435791 0.050293 0.050293
0 0.656494 0.382080 0.066895 0.066895
0 0.606689 0.291260 0.013184 0.013184
0 0.765869 0.390381 0.089355 0.089355
0 0.874268 0.331299 0.066895 0.066895
0 0.791260 0.640869 0.041504 0.041504
0 0.759033 0.588135 0.066895 0.066895
0 0.711670 0.478516 0.085449 0.081055
0 0.765869 0.678955 0.075684 0.066895
0 0.567627 0.687744 0.089355 0.089355
0 0.320801 0.731445 0.119141 0.119141
0 0.313477 0.850342 0.093750 0.089355
0 0.640625 0.882324 0.081055 0.081055
0 0.529297 0.861816 0.014648 0.014648