0 0.208984 0.210449 0.016602 0.016602
0 0.309326 0.128662 0.013184 0.011230
0 0.440674 0.112549 0.011230 0.011230
0 0.603516 0.171875 0.013672 0.013672
0 0.433350 0.281982 0.011230 0.011230
0 0.293457 0.307129 0.016602 0.016602
0 0.276855 0.374512 0.016602 0.016602
0 0.290039 0.393555 0.013672 0.013672
0 0.302490 0.414307 0.012207 0.012207
0 0.339355 0.423828 0.006836 0.006836
0 0.372803 0.417236 0.015137 0.015137
0 0.438965 0.448242 0.013672 0.013672
0 0.511963 0.390869 0.010254 0.010254
0 0.765381 0.376709 0.012207 0.012207
0 0.813477 0.353027 0.016602 0.016602
0 0.855713 0.287354 0.015137 0.015137
0 0.834229 0.448975 0.012207 0.012207
0 0.676025 0.569580 0.012207 0.012207
0 0.688721 0.626221 0.012207 0.012207
0 0.573975 0.660889 0.012207 0.012207
0 0.811035 0.744629 0.013672 0.013672
0 0.829346 0.732178 0.015137 0.015137
0 0.808838 0.794189 0.015137 0.015137
0 0.576904 0.891357 0.012207 0.012207
0 0.550293 0.910889 0.014648 0.015137
0 0.509521 0.873291 0.015137 0.015137
0 0.534912 0.838135 0.010254 0.010254
0 0.532471 0.755615 0.012207 0.012207
0 0.470947 0.753662 0.010254 0.010254
0 0.278564 0.763916 0.015137 0.015137
0 0.244141 0.628418 0.013672 0.013672
0 0.239990 0.583496 0.011230 0.012695