0 0.426025 0.502686 0.014160 0.014160
0 0.265869 0.741455 0.014160 0.014160
0 0.622314 0.720459 0.017090 0.017090
0 0.589355 0.258301 0.122070 0.122070
0 0.388428 0.332764 0.134277 0.134277
0 0.381592 0.470947 0.101074 0.101074
0 0.411377 0.644775 0.068848 0.068848
0 0.284912 0.754150 0.075684 0.075684
0 0.258545 0.783936 0.068848 0.068848
0 0.417725 0.825928 0.075684 0.075684
0 0.380127 0.803955 0.075684 0.075684
0 0.352783 0.850830 0.068848 0.068848
0 0.762939 0.727295 0.075684 0.075684
0 0.776611 0.796143 0.075684 0.075684
0 0.737061 0.595947 0.057129 0.057129
0 0.885498 0.472900 0.101074 0.101074
0 0.157227 0.473145 0.046875 0.046875
0 0.312256 0.207764 0.083496 0.083496