0 0.517090 0.325684 0.098633 0.098633
0 0.591309 0.399414 0.108398 0.108398
0 0.684814 0.328369 0.073730 0.073730
0 0.747070 0.342773 0.098633 0.098633
0 0.816650 0.323975 0.073730 0.073730
0 0.822998 0.436279 0.073730 0.073730
0 0.910889 0.397705 0.050293 0.050293
0 0.589355 0.498535 0.081055 0.081055
0 0.491943 0.458252 0.050293 0.050293
0 0.450928 0.443604 0.089355 0.089355
0 0.281494 0.347900 0.066895 0.066895
0 0.303955 0.283936 0.066895 0.066895
0 0.368408 0.261475 0.089355 0.089355
0 0.427979 0.313721 0.050293 0.050293
0 0.541260 0.239990 0.089355 0.089355
0 0.610596 0.257080 0.089355 0.089355
0 0.613037 0.208252 0.061035 0.061035
0 0.656738 0.174805 0.098633 0.098633
0 0.140869 0.324463 0.066895 0.066895
0 0.196045 0.463135 0.073730 0.073730
0 0.375244 0.581787 0.066895 0.066895
0 0.382324 0.666992 0.081055 0.081055
0 0.291504 0.789062 0.098633 0.098633
0 0.181152 0.773926 0.081055 0.081055
0 0.637695 0.896484 0.045898 0.045898
0 0.714355 0.788574 0.081055 0.081055
0 0.813232 0.766357 0.066895 0.066895
0 0.623291 0.701904 0.073730 0.073730
0 0.599609 0.701660 0.045898 0.045898
0 0.727051 0.647461 0.098633 0.098633
0 0.741455 0.602295 0.050293 0.050293
0 0.676514 0.612061 0.061035 0.061035
0 0.597900 0.625244 0.073730 0.073730
0 0.691895 0.573242 0.098633 0.098633