0 0.485840 0.187012 0.012695 0.012695
0 0.166504 0.297852 0.011719 0.011719
0 0.176514 0.393311 0.014160 0.014160
0 0.190186 0.507568 0.014160 0.014160
0 0.110107 0.569580 0.014160 0.014160
0 0.267822 0.461670 0.014160 0.014160
0 0.418945 0.101562 0.062500 0.044922
0 0.457520 0.189941 0.091797 0.091797
0 0.565430 0.280762 0.046875 0.046875
0 0.623047 0.399902 0.100586 0.100586
0 0.747070 0.386719 0.074219 0.100586
0 0.810547 0.370117 0.091797 0.091797
0 0.402100 0.404053 0.083496 0.083496
0 0.299072 0.399170 0.068848 0.068848
0 0.336426 0.441895 0.062500 0.062500
0 0.235107 0.383545 0.068848 0.068848
0 0.231689 0.339111 0.075684 0.075684
0 0.139404 0.393311 0.075684 0.075684
0 0.158447 0.484131 0.068848 0.068848
0 0.197998 0.550049 0.075684 0.075684
0 0.268066 0.555664 0.056641 0.056641
0 0.281006 0.584717 0.068848 0.068848
0 0.191162 0.667725 0.075684 0.075684
0 0.233887 0.672852 0.062500 0.062500
0 0.269287 0.706299 0.083496 0.083496
0 0.452881 0.683838 0.075684 0.075684
0 0.551514 0.727783 0.075684 0.075684
0 0.578369 0.770264 0.075684 0.075684
0 0.663818 0.732666 0.075684 0.075684
0 0.627686 0.859619 0.075684 0.075684
0 0.743164 0.739014 0.069336 0.083496
0 0.799805 0.751709 0.071289 0.083496
0 0.836670 0.649170 0.083496 0.083496
0 0.657471 0.574463 0.075684 0.075684
0 0.576904 0.582275 0.075684 0.075684
0 0.643799 0.516357 0.083496 0.083496
0 0.791016 0.500977 0.100586 0.100586