0 0.642578 0.239746 0.111328 0.111328
0 0.558350 0.178955 0.083496 0.083496
0 0.853516 0.455078 0.062500 0.062500
0 0.805176 0.324707 0.062500 0.062500
0 0.674072 0.383057 0.083496 0.083496
0 0.608398 0.403809 0.091797 0.091797
0 0.655518 0.438232 0.075684 0.075684
0 0.663330 0.552002 0.057129 0.057129
0 0.881104 0.541260 0.068848 0.068848
0 0.509521 0.689209 0.068848 0.068848
0 0.337158 0.605225 0.075684 0.075684
0 0.187256 0.531982 0.101074 0.101074
0 0.108154 0.505615 0.068848 0.068848
0 0.164795 0.438721 0.083496 0.083496
0 0.373535 0.332031 0.111328 0.111328