0 0.555908 0.364990 0.014160 0.014160
0 0.677490 0.384033 0.014160 0.014160
0 0.634033 0.344971 0.014160 0.014160
0 0.594971 0.314209 0.014160 0.014160
0 0.740967 0.346924 0.014160 0.014160
0 0.761475 0.369385 0.014160 0.014160
0 0.775146 0.374268 0.014160 0.014160
0 0.812256 0.408936 0.014160 0.014160
0 0.809326 0.415771 0.014160 0.014160
0 0.554932 0.420654 0.014160 0.014160
0 0.656006 0.440186 0.014160 0.014160
0 0.631592 0.438721 0.014160 0.014160
0 0.618896 0.468018 0.014160 0.014160
0 0.698486 0.469482 0.014160 0.014160
0 0.760010 0.460205 0.014160 0.014160
0 0.783936 0.456299 0.014160 0.014160
0 0.692627 0.519287 0.014160 0.014160
0 0.744385 0.525146 0.014160 0.014160
0 0.712646 0.549561 0.014160 0.014160
0 0.804932 0.503174 0.014160 0.014160
0 0.824463 0.482666 0.014160 0.014160
0 0.851318 0.385498 0.014160 0.014160
0 0.860596 0.315186 0.014160 0.014160
0 0.892334 0.566650 0.014160 0.014160
0 0.895752 0.643311 0.014160 0.014160
0 0.718994 0.686279 0.014160 0.014160
0 0.714111 0.690674 0.014160 0.014160
0 0.698975 0.653076 0.014160 0.014160
0 0.672607 0.698975 0.014160 0.014160
0 0.697510 0.744385 0.014160 0.014160
0 0.737549 0.778076 0.014160 0.014160
0 0.724365 0.787842 0.014160 0.014160
0 0.730225 0.793213 0.014160 0.014160
0 0.707764 0.799072 0.014160 0.014160
0 0.698975 0.803467 0.014160 0.014160
0 0.701904 0.816162 0.014160 0.014160
0 0.685303 0.821533 0.014160 0.014160
0 0.691162 0.838623 0.014160 0.014160
0 0.669189 0.847900 0.014160 0.014160
0 0.648193 0.777588 0.014160 0.014160
0 0.577881 0.806885 0.014160 0.014160
0 0.557373 0.801514 0.014160 0.014160
0 0.514404 0.821533 0.014160 0.014160
0 0.500732 0.821533 0.014160 0.014160
0 0.527100 0.874268 0.014160 0.014160
0 0.548096 0.857178 0.014160 0.014160
0 0.572266 0.884277 0.012695 0.012695
0 0.561035 0.888184 0.011719 0.011719
0 0.614502 0.895752 0.014160 0.014160
0 0.524170 0.899658 0.014160 0.014160
0 0.516357 0.899658 0.014160 0.014160
0 0.496826 0.906494 0.014160 0.014160
0 0.490479 0.905518 0.014160 0.014160
0 0.471436 0.877686 0.014160 0.014160
0 0.482178 0.920654 0.014160 0.014160
0 0.387451 0.833252 0.014160 0.014160
0 0.318604 0.858643 0.014160 0.014160
0 0.479248 0.819092 0.014160 0.014160
0 0.287842 0.781982 0.014160 0.014160
0 0.420654 0.781494 0.014160 0.014160
0 0.309814 0.746826 0.014160 0.014160
0 0.287354 0.733154 0.014160 0.014160
0 0.412354 0.712646 0.014160 0.014160
0 0.477783 0.738525 0.014160 0.014160
0 0.294678 0.672607 0.014160 0.014160
0 0.309814 0.643311 0.014160 0.014160
0 0.236084 0.671631 0.014160 0.014160
0 0.196533 0.634521 0.014160 0.014160
0 0.159424 0.674072 0.014160 0.014160
0 0.291260 0.497314 0.014160 0.014160
0 0.327393 0.499756 0.014160 0.014160
0 0.359131 0.551025 0.014160 0.014160
0 0.248291 0.489990 0.014160 0.014160
0 0.360596 0.457275 0.014160 0.014160
0 0.203857 0.468506 0.014160 0.014160
0 0.218506 0.451416 0.014160 0.014160
0 0.380615 0.546143 0.014160 0.014160
0 0.390869 0.547607 0.014160 0.014160
0 0.408936 0.505615 0.014160 0.014160
0 0.503662 0.521729 0.014160 0.014160
0 0.546143 0.525635 0.014160 0.014160
0 0.551514 0.525635 0.014160 0.014160
0 0.584717 0.643311 0.014160 0.014160
0 0.498291 0.655518 0.014160 0.014160
0 0.485107 0.670654 0.014160 0.014160
0 0.584229 0.697021 0.014160 0.014160
0 0.695068 0.620850 0.014160 0.014160
0 0.477295 0.337646 0.014160 0.014160
0 0.359619 0.279541 0.014160 0.014160
0 0.509033 0.249756 0.014160 0.014160
0 0.336182 0.201416 0.014160 0.014160
0 0.250732 0.308350 0.014160 0.014160
0 0.190674 0.318604 0.014160 0.014160
0 0.316162 0.371338 0.014160 0.014160
0 0.329346 0.394775 0.014160 0.014160
0 0.237549 0.401123 0.014160 0.014160
0 0.133545 0.426514 0.014160 0.014160
0 0.130127 0.420166 0.014160 0.014160
0 0.582764 0.285889 0.014160 0.014160
0 0.608643 0.240967 0.014160 0.014160
0 0.716064 0.214600 0.014160 0.014160
0 0.784912 0.233643 0.014160 0.014160
0 0.572266 0.115723 0.062500 0.062500
0 0.492188 0.137207 0.056641 0.056641
0 0.538086 0.199707 0.056641 0.056641
0 0.689209 0.219971 0.068848 0.068848
0 0.875244 0.376221 0.068848 0.068848
0 0.504150 0.379150 0.068848 0.068848
0 0.356934 0.361816 0.062500 0.062500
0 0.324707 0.333008 0.062500 0.062500
0 0.275391 0.337402 0.062500 0.062500
0 0.408936 0.237061 0.075684 0.075684
0 0.311035 0.188477 0.062500 0.062500
0 0.351074 0.514648 0.056641 0.056641
0 0.478760 0.619385 0.068848 0.068848
0 0.555420 0.621338 0.068848 0.068848
0 0.657471 0.709229 0.083496 0.083496
0 0.480469 0.702148 0.062500 0.062500
0 0.428223 0.708984 0.062500 0.062500
0 0.232666 0.703369 0.068848 0.068848
0 0.119385 0.634521 0.068848 0.068848
0 0.254395 0.828613 0.062500 0.062500
0 0.454834 0.829346 0.068848 0.068848
0 0.575439 0.863037 0.075684 0.075684
0 0.867676 0.585938 0.062500 0.062500