0 0.475098 0.179688 0.030273 0.030273
0 0.528564 0.220459 0.024902 0.024902
0 0.519775 0.245850 0.027832 0.027832
0 0.495361 0.271240 0.022949 0.022949
0 0.567627 0.216064 0.027832 0.027832
0 0.721924 0.285400 0.022949 0.022949
0 0.694580 0.323486 0.027832 0.027832
0 0.724854 0.428955 0.022949 0.022949
0 0.734375 0.490234 0.018555 0.018555
0 0.728760 0.511963 0.022949 0.022949
0 0.603027 0.503418 0.020508 0.020508
0 0.498779 0.374268 0.014160 0.014160
0 0.578369 0.363037 0.027832 0.027832
0 0.455811 0.406494 0.027832 0.027832
0 0.439697 0.305420 0.027832 0.027832
0 0.303955 0.481201 0.022949 0.022949
0 0.303955 0.494385 0.024902 0.024902
0 0.251709 0.483643 0.027832 0.027832
0 0.171631 0.377686 0.027832 0.027832
0 0.253662 0.293701 0.027832 0.027832
0 0.313477 0.239258 0.030273 0.030273
0 0.140869 0.492432 0.024902 0.024902
0 0.174072 0.525635 0.014160 0.014160
0 0.172607 0.636963 0.022949 0.022949
0 0.125244 0.637451 0.024902 0.024902
0 0.209717 0.672119 0.024902 0.024902
0 0.241943 0.697510 0.022949 0.022949
0 0.343994 0.718994 0.024902 0.024902
0 0.359863 0.708008 0.020508 0.020508
0 0.358398 0.621582 0.018555 0.018555
0 0.397705 0.614990 0.022949 0.022949
0 0.475342 0.724854 0.022949 0.022949
0 0.473877 0.859131 0.027832 0.027832
0 0.572510 0.860107 0.024902 0.024902
0 0.678955 0.791748 0.022949 0.022949
0 0.682373 0.741455 0.027832 0.027832
0 0.698486 0.633545 0.022949 0.022949
0 0.795654 0.646729 0.024902 0.024902
0 0.895264 0.507080 0.022949 0.022949
0 0.892334 0.402588 0.022949 0.022949