0 0.580078 0.181152 0.062500 0.062500
0 0.453125 0.114746 0.062500 0.062500
0 0.367676 0.125488 0.056641 0.056641
0 0.388184 0.233398 0.056641 0.056641
0 0.275635 0.227783 0.075684 0.075684
0 0.402832 0.312012 0.056641 0.056641
0 0.460449 0.291016 0.056641 0.056641
0 0.403320 0.346191 0.056641 0.056641
0 0.407715 0.399414 0.056641 0.056641
0 0.398926 0.451172 0.062500 0.062500
0 0.500977 0.441406 0.056641 0.056641
0 0.401611 0.508545 0.068848 0.068848
0 0.479492 0.568848 0.062500 0.062500
0 0.474365 0.667725 0.068848 0.068848
0 0.557617 0.669434 0.062500 0.062500
0 0.504883 0.729004 0.062500 0.062500
0 0.409180 0.736328 0.062500 0.062500
0 0.312988 0.710449 0.062500 0.062500
0 0.282471 0.652100 0.068848 0.068848
0 0.226318 0.588135 0.068848 0.068848
0 0.098633 0.539551 0.056641 0.056641
0 0.125488 0.494141 0.062500 0.062500
0 0.226807 0.445068 0.083496 0.083496
0 0.206299 0.345459 0.083496 0.083496
0 0.270508 0.734863 0.062500 0.062500
0 0.268066 0.811035 0.062500 0.062500
0 0.391113 0.777344 0.062500 0.062500
0 0.416992 0.816406 0.062500 0.062500
0 0.439941 0.794922 0.051758 0.051758
0 0.459473 0.769531 0.056641 0.056641
0 0.495605 0.792480 0.062500 0.062500
0 0.557617 0.842773 0.062500 0.062500
0 0.551025 0.888916 0.068848 0.068848
0 0.440918 0.876953 0.062500 0.062500
0 0.661133 0.885254 0.056641 0.056641
0 0.704102 0.887695 0.056641 0.056641
0 0.708008 0.842773 0.046875 0.046875
0 0.744629 0.859863 0.051758 0.051758
0 0.784180 0.782715 0.056641 0.056641
0 0.743164 0.765625 0.051758 0.051758
0 0.713867 0.766602 0.051758 0.051758
0 0.687256 0.738037 0.042480 0.042480
0 0.718994 0.734131 0.042480 0.042480
0 0.830566 0.666992 0.056641 0.056641
0 0.833496 0.591309 0.056641 0.056641
0 0.790039 0.535645 0.062500 0.062500
0 0.676758 0.510254 0.056641 0.056641
0 0.708496 0.485840 0.056641 0.056641
0 0.691895 0.671387 0.056641 0.056641
0 0.710693 0.403564 0.068848 0.068848
0 0.685791 0.332275 0.068848 0.068848
0 0.721191 0.306641 0.062500 0.062500
0 0.748047 0.304199 0.056641 0.056641
0 0.561523 0.329102 0.062500 0.062500
0 0.870117 0.363770 0.056641 0.056641