0 0.137176 0.480250 0.017614 0.016500
0 0.345076 0.508500 0.017614 0.016500
0 0.321591 0.579250 0.017614 0.016500
0 0.347211 0.592250 0.017614 0.016500
0 0.321591 0.614750 0.017614 0.016500
0 0.397651 0.643500 0.016013 0.015000
0 0.404590 0.701750 0.017614 0.016500
0 0.459034 0.673000 0.016013 0.015000
0 0.471978 0.650375 0.014678 0.013750
0 0.467307 0.635250 0.016013 0.015000
0 0.483587 0.672750 0.016013 0.015000
0 0.580598 0.856625 0.019482 0.018250
0 0.590472 0.705875 0.019482 0.018250
0 0.695356 0.699625 0.019482 0.018250
0 0.708433 0.759625 0.019482 0.018250
0 0.709367 0.791250 0.017614 0.016500
0 0.752068 0.743250 0.016013 0.015000
0 0.765012 0.746375 0.019482 0.018250
0 0.806779 0.688000 0.017614 0.016500
0 0.826394 0.677000 0.015746 0.012500
0 0.828263 0.666250 0.017347 0.012500
0 0.648786 0.607000 0.017614 0.016500
0 0.628503 0.581250 0.017614 0.016500
0 0.663464 0.571750 0.016013 0.015000
0 0.656792 0.554750 0.016013 0.015000
0 0.571924 0.558750 0.017614 0.016500
0 0.725914 0.602500 0.017614 0.016500
0 0.723512 0.585000 0.017080 0.014000
0 0.720043 0.578125 0.016547 0.013750
0 0.726581 0.519625 0.019482 0.018250
0 0.692154 0.516375 0.014678 0.013750
0 0.687216 0.511500 0.016013 0.015000
0 0.647718 0.498750 0.017614 0.016500
0 0.694689 0.486500 0.017614 0.016500
0 0.422204 0.576500 0.016013 0.013500
0 0.417267 0.567375 0.015212 0.013750
0 0.414465 0.532250 0.017614 0.016500
0 0.451962 0.546125 0.014678 0.013750
0 0.455031 0.534750 0.014412 0.012500
0 0.472778 0.541625 0.014678 0.013750
0 0.487590 0.546250 0.016013 0.015000
0 0.420870 0.490250 0.016013 0.015000
0 0.561116 0.528000 0.015746 0.012000
0 0.562984 0.520375 0.016280 0.011250
0 0.586603 0.482500 0.016013 0.015000
0 0.600747 0.479750 0.013344 0.012500
0 0.603016 0.491125 0.015212 0.013750
0 0.545770 0.443500 0.017614 0.016500
0 0.559114 0.405250 0.017614 0.016500
0 0.548172 0.364750 0.017614 0.016500
0 0.579931 0.373250 0.017614 0.016500
0 0.626101 0.438000 0.016013 0.015000
0 0.629303 0.417750 0.017614 0.016500
0 0.587937 0.448250 0.011743 0.014000
0 0.594342 0.449375 0.008540 0.013750
0 0.598612 0.428500 0.011209 0.014000
0 0.605685 0.430375 0.009341 0.013250
0 0.265412 0.359125 0.019482 0.018250
0 0.153990 0.344250 0.017614 0.018500
0 0.177475 0.299250 0.017614 0.016500
0 0.191887 0.310250 0.016013 0.015000
0 0.249266 0.271250 0.017614 0.016500
0 0.243928 0.286750 0.016013 0.015000
0 0.237256 0.297750 0.016013 0.015000
0 0.326661 0.189250 0.017614 0.016500
0 0.359488 0.200000 0.017614 0.016500
0 0.547905 0.317250 0.017614 0.016500
0 0.589805 0.306000 0.017614 0.016500
0 0.599413 0.283000 0.017614 0.016500
0 0.577796 0.240750 0.017614 0.016500
0 0.591940 0.232500 0.017614 0.016500
0 0.621831 0.249000 0.016013 0.015000
0 0.653590 0.239500 0.016013 0.015000
0 0.661062 0.199750 0.017614 0.016500
0 0.675474 0.234750 0.016013 0.015000
0 0.709901 0.221500 0.017614 0.016500
0 0.730718 0.243000 0.017614 0.016500
0 0.706565 0.237375 0.014678 0.013750
0 0.700427 0.243375 0.014678 0.013750
0 0.675741 0.279750 0.016013 0.015000
0 0.669069 0.308750 0.016013 0.015000
0 0.633840 0.296750 0.016013 0.015000
0 0.645583 0.314000 0.013344 0.013500
0 0.637310 0.310750 0.013344 0.014000
0 0.674673 0.351750 0.016013 0.015000
0 0.695623 0.345375 0.014678 0.013750
0 0.702695 0.339500 0.016013 0.015000
0 0.711503 0.369500 0.016013 0.015000
0 0.692821 0.385000 0.017614 0.016500
0 0.748599 0.363000 0.017614 0.016500
0 0.768882 0.327250 0.017614 0.016500
0 0.704831 0.302875 0.013344 0.013750
0 0.704964 0.288375 0.014678 0.013750
0 0.716974 0.304250 0.014678 0.015000
0 0.785428 0.292750 0.017614 0.016500
0 0.801174 0.315500 0.016013 0.015000
0 0.809981 0.338250 0.017614 0.016500
0 0.790766 0.379250 0.017614 0.016500
0 0.790766 0.405500 0.017614 0.016500