0 0.634627 0.427500 0.098848 0.081500
0 0.655246 0.483000 0.098848 0.081500
0 0.640691 0.558500 0.108551 0.089500
0 0.788053 0.529000 0.119466 0.098500
0 0.889024 0.469750 0.089751 0.074000
0 0.845816 0.456125 0.081565 0.067250
0 0.892056 0.388750 0.089751 0.074000
0 0.840509 0.325250 0.108551 0.089500
0 0.728320 0.284250 0.098848 0.081500
0 0.681322 0.306000 0.089751 0.074000
0 0.597938 0.225500 0.089751 0.074000
0 0.473620 0.205750 0.089751 0.074000
0 0.324136 0.373750 0.098848 0.081500
0 0.277744 0.471250 0.098848 0.081500
0 0.138569 0.548750 0.089751 0.074000
0 0.591874 0.707000 0.108551 0.089500
0 0.666313 0.729875 0.081565 0.067250
0 0.679806 0.784000 0.108551 0.089500
0 0.759854 0.740000 0.119466 0.098500
0 0.879472 0.689125 0.081565 0.067250
0 0.909339 0.633500 0.055791 0.046000
0 0.536992 0.852750 0.089751 0.074000