0 0.160462 0.592500 0.038859 0.048000
0 0.210190 0.569125 0.062772 0.051250
0 0.145380 0.499375 0.024457 0.030750
0 0.186957 0.513750 0.051630 0.047500
0 0.288315 0.474500 0.035326 0.032500
0 0.259103 0.466625 0.047011 0.043250
0 0.356386 0.422125 0.029076 0.026750
0 0.327310 0.448625 0.042663 0.039250
0 0.410326 0.425250 0.025000 0.016500
0 0.393071 0.442375 0.038859 0.035750
0 0.429620 0.441250 0.035326 0.032500
0 0.405571 0.404625 0.038859 0.035750
0 0.432745 0.410875 0.026359 0.024250
0 0.436549 0.387625 0.038859 0.035750
0 0.224457 0.318750 0.032065 0.029500
0 0.235190 0.360250 0.046467 0.032500
0 0.224592 0.336625 0.026359 0.024250
0 0.247283 0.330000 0.032065 0.035500
0 0.401495 0.258875 0.042663 0.039250
0 0.440353 0.240375 0.042663 0.039250
0 0.381250 0.226000 0.051630 0.047500
0 0.491984 0.177625 0.048098 0.039250
0 0.539402 0.176000 0.051630 0.042000
0 0.495380 0.293000 0.051630 0.047500
0 0.563995 0.283875 0.047011 0.043250
0 0.484647 0.345875 0.038859 0.035750
0 0.474321 0.380625 0.042663 0.039250
0 0.500815 0.435250 0.035326 0.032500
0 0.497011 0.485625 0.029348 0.018250
0 0.491984 0.468000 0.036141 0.029500
0 0.497826 0.508750 0.039130 0.032500
0 0.543886 0.486875 0.038859 0.035750
0 0.560734 0.379875 0.038859 0.035750
0 0.630163 0.228250 0.069022 0.063500
0 0.694565 0.261500 0.069022 0.063500
0 0.757201 0.202125 0.043207 0.031250
0 0.826902 0.319500 0.069022 0.063500
0 0.657745 0.379750 0.042663 0.044000
0 0.698777 0.383125 0.062772 0.057750
0 0.635326 0.405375 0.042935 0.035750
0 0.548777 0.430375 0.038859 0.035750
0 0.583560 0.425625 0.038859 0.035750
0 0.641440 0.436625 0.047011 0.043250
0 0.650679 0.476625 0.038859 0.035750
0 0.607201 0.480375 0.047011 0.043250
0 0.624049 0.524625 0.038859 0.035750
0 0.635734 0.564875 0.042663 0.039250
0 0.668614 0.527875 0.026359 0.024250
0 0.661957 0.512250 0.032065 0.029500
0 0.602038 0.608875 0.038859 0.035750
0 0.484783 0.636500 0.051630 0.047500
0 0.747826 0.541500 0.051630 0.047500
0 0.866576 0.528750 0.069022 0.063500
0 0.772283 0.631375 0.050000 0.039250
0 0.772418 0.592750 0.069293 0.052500
0 0.688587 0.601250 0.069022 0.063500
0 0.688859 0.656250 0.051630 0.047500
0 0.737092 0.662375 0.062772 0.057750
0 0.363451 0.579375 0.062772 0.057750
0 0.394565 0.704250 0.057065 0.052500
0 0.521739 0.730000 0.051630 0.047500
0 0.479891 0.836750 0.057065 0.052500
0 0.389402 0.872250 0.057065 0.052500
0 0.912364 0.743500 0.038859 0.043500
0 0.604076 0.709500 0.035326 0.032500
0 0.616576 0.738750 0.051630 0.049500
0 0.658696 0.746000 0.069022 0.063500
0 0.636277 0.809125 0.055707 0.043250
0 0.642391 0.843125 0.060326 0.039250