0 0.176689 0.387250 0.011656 0.011500
0 0.181060 0.330875 0.009272 0.008250
0 0.193907 0.324375 0.010066 0.010250
0 0.270066 0.370250 0.014040 0.013500
0 0.219603 0.306625 0.010596 0.010250
0 0.301325 0.404875 0.005033 0.004250
0 0.375629 0.323375 0.011126 0.010750
0 0.327550 0.280875 0.010861 0.011250
0 0.322252 0.278875 0.008742 0.007750
0 0.318013 0.285375 0.011921 0.011250
0 0.307285 0.209750 0.010596 0.010000
0 0.312848 0.199875 0.010596 0.009750
0 0.298146 0.175125 0.008742 0.008250
0 0.287020 0.174750 0.008742 0.007500
0 0.289272 0.178000 0.006887 0.006000
0 0.294305 0.177500 0.006358 0.005500
0 0.290993 0.182250 0.008742 0.007500
0 0.359073 0.218375 0.009801 0.008750
0 0.358808 0.212500 0.010331 0.009000
0 0.381722 0.213000 0.010596 0.010000
0 0.379338 0.186375 0.011126 0.010250
0 0.169669 0.404625 0.007682 0.007250
0 0.117483 0.493500 0.009272 0.008500
0 0.157219 0.607500 0.013510 0.013000
0 0.162649 0.627250 0.013245 0.012500
0 0.190596 0.628875 0.011921 0.011250
0 0.218146 0.570375 0.012450 0.011750
0 0.230596 0.578125 0.013510 0.012750
0 0.263444 0.603125 0.011921 0.011250
0 0.281192 0.622625 0.011921 0.011250
0 0.283576 0.634250 0.012980 0.012000
0 0.314040 0.618625 0.011921 0.011250
0 0.318411 0.596750 0.013245 0.012000
0 0.206358 0.657000 0.013245 0.013000
0 0.191921 0.669875 0.012450 0.011750
0 0.230596 0.686125 0.012980 0.012250
0 0.270596 0.701375 0.011391 0.011750
0 0.258808 0.709000 0.013775 0.012500
0 0.250993 0.723625 0.010331 0.009250
0 0.251656 0.729875 0.010596 0.009750
0 0.269669 0.728375 0.010596 0.010250
0 0.281457 0.735500 0.010861 0.010500
0 0.294040 0.755750 0.011126 0.010500
0 0.313907 0.786625 0.006358 0.005750
0 0.367947 0.827875 0.010596 0.009750
0 0.366358 0.796625 0.010596 0.009750
0 0.310728 0.678000 0.009007 0.008500
0 0.320397 0.672125 0.009272 0.009250
0 0.310199 0.638875 0.011126 0.010750
0 0.313775 0.648750 0.010331 0.009500
0 0.317351 0.655000 0.010066 0.009000
0 0.340000 0.643250 0.010861 0.010000
0 0.352583 0.648750 0.010596 0.010500
0 0.357881 0.659500 0.011126 0.010500
0 0.370464 0.660250 0.010331 0.009500
0 0.370993 0.650250 0.010861 0.010000
0 0.380397 0.647375 0.010596 0.009750
0 0.403311 0.689375 0.010331 0.010250
0 0.336159 0.558125 0.011126 0.011250
0 0.341192 0.572250 0.011126 0.010500
0 0.366623 0.600375 0.011126 0.010750
0 0.381325 0.591125 0.013510 0.012750
0 0.405033 0.618625 0.010066 0.010250
0 0.419205 0.623375 0.009272 0.009250
0 0.423576 0.620875 0.008477 0.008750
0 0.430596 0.617500 0.008212 0.007500
0 0.423576 0.611625 0.007947 0.007250
0 0.418543 0.613625 0.009536 0.008250
0 0.419073 0.606375 0.007417 0.006750
0 0.423311 0.602375 0.010066 0.008250
0 0.424503 0.597625 0.008742 0.007750
0 0.421589 0.586250 0.009272 0.008500
0 0.437881 0.593375 0.009536 0.009250
0 0.444768 0.594625 0.010066 0.009750
0 0.476424 0.615000 0.009801 0.009500
0 0.518808 0.656000 0.012450 0.012000
0 0.497881 0.794875 0.010331 0.010250
0 0.523974 0.831750 0.010596 0.010500
0 0.513510 0.839250 0.010861 0.010000
0 0.498013 0.844125 0.010596 0.010250
0 0.490199 0.844000 0.012450 0.012000
0 0.412185 0.567250 0.010596 0.011000
0 0.432053 0.570625 0.010596 0.009750
0 0.394702 0.549125 0.009536 0.009750
0 0.380927 0.533875 0.012185 0.012250
0 0.466225 0.581500 0.010596 0.010500
0 0.449139 0.579250 0.008212 0.007500
0 0.443179 0.572625 0.008477 0.007250
0 0.442914 0.567125 0.009536 0.007750
0 0.463179 0.568000 0.009272 0.009500
0 0.448477 0.549750 0.011126 0.010000
0 0.469536 0.556125 0.008742 0.008250
0 0.474040 0.565500 0.004503 0.004500
0 0.477483 0.561625 0.007152 0.006750
0 0.478013 0.565875 0.005033 0.004250
0 0.482119 0.566625 0.005828 0.005250
0 0.487020 0.564000 0.008212 0.008500
0 0.496821 0.562125 0.008742 0.009250
0 0.479868 0.570250 0.008212 0.007500
0 0.482119 0.573625 0.008477 0.007250
0 0.495364 0.581875 0.009007 0.008750
0 0.518675 0.573750 0.010596 0.010000
0 0.507020 0.583875 0.009536 0.008250
0 0.503444 0.594125 0.010331 0.009750
0 0.535099 0.561250 0.007947 0.007000
0 0.552053 0.527000 0.011126 0.010500
0 0.520662 0.522625 0.010331 0.009750
0 0.496556 0.539750 0.009801 0.009500
0 0.484636 0.540500 0.008742 0.008500
0 0.484106 0.528500 0.009801 0.008500
0 0.473377 0.542750 0.008477 0.008000
0 0.471788 0.537500 0.009536 0.007500
0 0.466623 0.535875 0.007682 0.007750
0 0.472185 0.532000 0.008212 0.007000
0 0.475894 0.527875 0.009272 0.009250
0 0.477219 0.513875 0.011921 0.011250
0 0.500265 0.513125 0.010861 0.009750
0 0.514570 0.508875 0.008742 0.008250
0 0.428742 0.504625 0.011921 0.011250
0 0.489404 0.494375 0.012450 0.011750
0 0.511523 0.501375 0.007417 0.006750
0 0.517483 0.500000 0.008212 0.007500
0 0.515629 0.492000 0.011391 0.010500
0 0.525960 0.485125 0.010331 0.009250
0 0.519338 0.475875 0.010331 0.009750
0 0.528212 0.468500 0.008477 0.008000
0 0.530199 0.475875 0.007682 0.007750
0 0.535629 0.472250 0.007417 0.007500
0 0.538543 0.476625 0.009536 0.009750
0 0.522914 0.453625 0.009536 0.008750
0 0.531391 0.445750 0.010066 0.009500
0 0.545033 0.447375 0.010861 0.010250
0 0.520662 0.439625 0.010331 0.009250
0 0.557483 0.432875 0.009272 0.008750
0 0.563709 0.428000 0.010596 0.010000
0 0.543179 0.427250 0.008742 0.007500
0 0.543974 0.422625 0.007682 0.006750
0 0.546755 0.416875 0.009007 0.008750
0 0.537351 0.410875 0.008212 0.008250
0 0.532583 0.421500 0.008212 0.008000
0 0.528874 0.427750 0.008212 0.007500
0 0.524901 0.418375 0.007682 0.008250
0 0.520530 0.417250 0.006887 0.007500
0 0.515629 0.404750 0.010861 0.010500
0 0.529139 0.404750 0.008742 0.008500
0 0.523046 0.380625 0.011921 0.011250
0 0.527815 0.393500 0.009272 0.008500
0 0.537351 0.397750 0.007682 0.007000
0 0.547682 0.401125 0.009801 0.009250
0 0.551656 0.397875 0.007682 0.007750
0 0.547947 0.394375 0.008212 0.008250
0 0.557881 0.394000 0.008477 0.008000
0 0.550728 0.387500 0.008477 0.007500
0 0.574967 0.389625 0.009272 0.008750
0 0.576424 0.380875 0.010066 0.009250
0 0.583179 0.389125 0.009272 0.009750
0 0.548477 0.369250 0.009272 0.009000
0 0.538146 0.367500 0.010331 0.009500
0 0.669007 0.398125 0.011921 0.011250
0 0.582649 0.352125 0.011391 0.010750
0 0.576821 0.333625 0.011921 0.011250
0 0.592715 0.338875 0.010331 0.010750
0 0.602119 0.338750 0.010066 0.011000
0 0.592053 0.317125 0.010596 0.010250
0 0.582384 0.307000 0.010861 0.010500
0 0.636689 0.334625 0.011391 0.010750
0 0.575232 0.296125 0.011921 0.011250
0 0.573775 0.287500 0.010066 0.009500
0 0.579073 0.281125 0.010596 0.010250
0 0.594834 0.284375 0.011391 0.010250
0 0.621325 0.298875 0.009272 0.007750
0 0.648609 0.300875 0.002914 0.002750
0 0.626225 0.289000 0.009536 0.009000
0 0.631126 0.279000 0.010861 0.010500
0 0.625298 0.271750 0.009801 0.009500
0 0.633510 0.268250 0.011391 0.010500
0 0.612583 0.280375 0.009272 0.008250
0 0.611391 0.276750 0.009536 0.009000
0 0.607417 0.274375 0.009536 0.010250
0 0.616291 0.270250 0.009801 0.009000
0 0.645033 0.245625 0.013245 0.012750
0 0.641457 0.235000 0.010331 0.009500
0 0.609272 0.245000 0.013775 0.012500
0 0.595099 0.223125 0.007682 0.006750
0 0.647417 0.218375 0.010596 0.010750
0 0.638675 0.215500 0.010596 0.010000
0 0.628477 0.210375 0.011921 0.011250
0 0.648874 0.205375 0.011921 0.011250
0 0.612053 0.163875 0.012980 0.011750
0 0.577351 0.194875 0.012450 0.011750
0 0.544901 0.213500 0.013245 0.012000
0 0.511523 0.202375 0.002649 0.002750
0 0.510596 0.159000 0.012450 0.011500
0 0.440265 0.196625 0.007947 0.007250
0 0.461192 0.251875 0.009007 0.008250
0 0.689669 0.224125 0.012450 0.011250
0 0.754172 0.159875 0.010596 0.009750
0 0.825960 0.218375 0.009536 0.009250
0 0.852848 0.235875 0.011921 0.011250
0 0.769272 0.240625 0.009536 0.010250
0 0.780000 0.241250 0.011921 0.011500
0 0.885960 0.274125 0.010331 0.009750
0 0.885430 0.283375 0.007152 0.006750
0 0.876689 0.303500 0.011921 0.012000
0 0.866490 0.317750 0.009007 0.008000
0 0.863046 0.326000 0.010596 0.009000
0 0.859470 0.333250 0.010331 0.009000
0 0.851656 0.351750 0.011126 0.010500
0 0.837219 0.381000 0.011391 0.009500
0 0.835099 0.385875 0.009272 0.008750
0 0.831523 0.394500 0.012185 0.011500
0 0.860132 0.398750 0.004238 0.004500
0 0.939603 0.423750 0.010066 0.010000
0 0.923444 0.423625 0.008477 0.008250
0 0.915497 0.424750 0.011126 0.011000
0 0.864238 0.444875 0.011921 0.011250
0 0.846887 0.443500 0.011656 0.011000
0 0.816424 0.424875 0.010596 0.009750
0 0.785298 0.419125 0.011921 0.011250
0 0.733642 0.430250 0.010861 0.010000
0 0.735364 0.440000 0.006358 0.006500
0 0.809404 0.439750 0.011391 0.010500
0 0.803046 0.452875 0.011391 0.010250
0 0.798146 0.464250 0.011656 0.010500
0 0.935364 0.496500 0.012185 0.011000
0 0.935629 0.505625 0.010596 0.009750
0 0.950066 0.525875 0.009272 0.008750
0 0.943974 0.553375 0.011921 0.011250
0 0.914570 0.526375 0.011921 0.011250
0 0.892583 0.522375 0.011921 0.011250
0 0.909007 0.578875 0.009801 0.009250
0 0.957086 0.630375 0.008477 0.009750
0 0.927947 0.629875 0.013245 0.012250
0 0.917881 0.645875 0.012185 0.011750
0 0.866358 0.627375 0.011921 0.011250
0 0.906755 0.702875 0.010066 0.009250
0 0.912848 0.704500 0.008477 0.008500
0 0.849934 0.698750 0.010331 0.010000
0 0.836424 0.703375 0.009801 0.008250
0 0.841192 0.710500 0.011391 0.010000
0 0.807682 0.713125 0.010066 0.009750
0 0.794040 0.687000 0.011391 0.010500
0 0.780265 0.700750 0.010331 0.009500
0 0.785430 0.709500 0.010596 0.009500
0 0.775629 0.709250 0.009007 0.009500
0 0.774967 0.720875 0.011921 0.011250
0 0.810861 0.654125 0.010596 0.009250
0 0.808079 0.639375 0.011921 0.011250
0 0.744238 0.735375 0.011921 0.011250
0 0.751126 0.744375 0.011921 0.011250
0 0.711656 0.798875 0.011921 0.011250
0 0.694967 0.799375 0.010331 0.009750
0 0.692583 0.807875 0.011921 0.011250
0 0.716159 0.812250 0.010861 0.010000
0 0.723046 0.823750 0.010331 0.010000
0 0.752848 0.842500 0.011126 0.010500
0 0.742119 0.847250 0.006623 0.006000
0 0.673775 0.880125 0.011921 0.011250
0 0.643311 0.850250 0.013510 0.012000
0 0.606093 0.836250 0.003179 0.003000
0 0.614437 0.813500 0.012980 0.011500
0 0.644106 0.801375 0.012980 0.011750
0 0.708344 0.832250 0.007947 0.007000
0 0.718278 0.842750 0.005563 0.005500
0 0.621325 0.776375 0.011921 0.011250
0 0.641457 0.768625 0.011921 0.011250
0 0.680530 0.749750 0.011656 0.010000
0 0.698146 0.741875 0.011921 0.011250
0 0.643311 0.724625 0.011921 0.011250
0 0.667550 0.714375 0.010596 0.009750
0 0.667682 0.705750 0.009801 0.008500
0 0.678411 0.711625 0.010066 0.008750
0 0.675629 0.706625 0.009801 0.009250
0 0.660000 0.662625 0.011921 0.011250
0 0.610199 0.678875 0.011921 0.011250
0 0.685430 0.628250 0.011391 0.010500
0 0.725298 0.613250 0.014305 0.012500
0 0.732715 0.599750 0.011126 0.010000
0 0.738543 0.587750 0.010596 0.008000
0 0.740927 0.582375 0.010596 0.010250
0 0.749139 0.566750 0.011126 0.010000
0 0.752318 0.561625 0.010596 0.009250
0 0.762781 0.563125 0.003974 0.004250
0 0.717483 0.584625 0.010861 0.009750
0 0.714040 0.582000 0.010331 0.009500
0 0.687285 0.567375 0.011921 0.011250
0 0.669669 0.562625 0.010596 0.009750
0 0.663311 0.564250 0.011126 0.010000
0 0.665298 0.535625 0.011391 0.010250
0 0.649007 0.542125 0.011126 0.010250
0 0.626225 0.538750 0.010596 0.009500
0 0.757748 0.550375 0.012450 0.009750
0 0.758146 0.544125 0.009007 0.009250
0 0.767020 0.526875 0.011921 0.011250
0 0.753377 0.511000 0.010596 0.011000
0 0.777881 0.507250 0.010861 0.010000
0 0.790066 0.480875 0.012980 0.012250
0 0.734437 0.485500 0.011391 0.010500