0 0.528348 0.597125 0.016488 0.014250
0 0.525456 0.587125 0.016488 0.014250
0 0.509835 0.521625 0.016488 0.014250
0 0.511860 0.494625 0.016488 0.014250
0 0.403674 0.503625 0.016488 0.014250
0 0.310819 0.565625 0.016488 0.014250
0 0.280445 0.577875 0.016488 0.014250
0 0.259907 0.548125 0.016488 0.014250
0 0.218253 0.599125 0.016488 0.014250
0 0.188169 0.542875 0.016488 0.014250
0 0.189037 0.515875 0.016488 0.014250
0 0.128580 0.511125 0.016488 0.014250
0 0.205525 0.338125 0.016488 0.014250
0 0.288834 0.255125 0.016488 0.014250
0 0.336853 0.239375 0.016488 0.014250
0 0.320364 0.236625 0.016488 0.014250
0 0.531819 0.209625 0.016488 0.014250
0 0.524588 0.193375 0.016488 0.014250
0 0.538762 0.163625 0.016488 0.014250
0 0.586491 0.173375 0.016488 0.014250
0 0.693810 0.217625 0.016488 0.014250
0 0.740382 0.216375 0.016488 0.014250
0 0.763523 0.231375 0.016488 0.014250
0 0.676164 0.244375 0.016488 0.014250
0 0.664015 0.231125 0.016488 0.014250
0 0.811253 0.303125 0.016488 0.014250
0 0.731993 0.306625 0.016488 0.014250
0 0.657651 0.374125 0.016488 0.014250
0 0.649262 0.424125 0.016488 0.014250
0 0.593144 0.433875 0.016488 0.014250
0 0.646370 0.468125 0.016488 0.014250
0 0.643766 0.484125 0.016488 0.014250
0 0.673561 0.503125 0.016488 0.014250
0 0.808649 0.522375 0.016488 0.014250
0 0.978739 0.575375 0.016488 0.014250
0 0.847700 0.665875 0.016488 0.014250
0 0.875759 0.696875 0.016488 0.014250
0 0.757449 0.759125 0.016488 0.014250
0 0.815013 0.785375 0.016488 0.014250
0 0.834394 0.786875 0.016488 0.014250
0 0.743564 0.854875 0.016488 0.014250
0 0.679057 0.868375 0.016488 0.014250
0 0.643188 0.872875 0.016488 0.014250
0 0.495661 0.901375 0.016488 0.014250
0 0.409459 0.877125 0.016488 0.014250
0 0.273792 0.810375 0.016488 0.014250
0 0.249494 0.796625 0.016488 0.014250
0 0.273214 0.768375 0.016488 0.014250
0 0.300984 0.741375 0.016488 0.014250
0 0.283338 0.736375 0.016488 0.014250
0 0.194822 0.672625 0.016488 0.014250
0 0.117009 0.591875 0.016488 0.014250
0 0.324993 0.400125 0.016488 0.014250
0 0.383136 0.401625 0.016488 0.014250
0 0.437229 0.401875 0.016488 0.014250
0 0.359416 0.345875 0.016488 0.014250
0 0.342927 0.288625 0.016488 0.014250
0 0.619178 0.279625 0.016488 0.014250
0 0.548886 0.361125 0.016488 0.014250
0 0.551490 0.370125 0.016488 0.014250
0 0.543101 0.389625 0.016488 0.014250
0 0.515042 0.413875 0.016488 0.014250
0 0.568557 0.400375 0.016488 0.014250
0 0.581574 0.400625 0.016488 0.014250
0 0.528638 0.451625 0.016488 0.014250
0 0.493636 0.445125 0.016488 0.014250
0 0.487561 0.436875 0.016488 0.014250
0 0.381111 0.646375 0.016488 0.014250
0 0.281024 0.623625 0.016488 0.014250
0 0.279867 0.653625 0.016488 0.014250
0 0.238791 0.638375 0.016488 0.014250
0 0.373879 0.746375 0.016488 0.014250
0 0.403963 0.698625 0.016488 0.014250
0 0.417848 0.827875 0.016488 0.014250
0 0.375615 0.828875 0.016488 0.014250
0 0.449957 0.848875 0.016488 0.014250
0 0.518513 0.777625 0.016488 0.014250
0 0.554672 0.729875 0.016488 0.014250
0 0.568846 0.735625 0.016488 0.014250
0 0.577813 0.750375 0.016488 0.014250
0 0.584756 0.753125 0.016488 0.014250
0 0.534134 0.719125 0.016488 0.014250
0 0.500289 0.683625 0.016488 0.014250
0 0.619468 0.577625 0.016488 0.014250
0 0.672115 0.568625 0.016488 0.014250
0 0.663726 0.608625 0.016488 0.014250
0 0.771623 0.624875 0.016488 0.014250
0 0.727654 0.705875 0.016488 0.014250
0 0.698438 0.780875 0.016488 0.014250
0 0.664883 0.785125 0.016488 0.014250
0 0.645213 0.806625 0.016488 0.014250
0 0.578681 0.813375 0.016488 0.014250
0 0.358837 0.490875 0.016488 0.014250
0 0.419005 0.442375 0.016488 0.014250
0 0.458924 0.424875 0.016488 0.014250
0 0.624964 0.382875 0.016488 0.014250
0 0.719844 0.467375 0.016488 0.014250
0 0.895140 0.409125 0.016488 0.014250
0 0.843651 0.381625 0.016488 0.014250
0 0.889644 0.438875 0.016488 0.014250
0 0.863321 0.456375 0.016488 0.014250