0 0.273386 0.348375 0.015638 0.013750
0 0.307506 0.420625 0.015638 0.013750
0 0.232442 0.458875 0.010520 0.009250
0 0.224481 0.475375 0.015638 0.013750
0 0.293290 0.479875 0.015638 0.013750
0 0.364942 0.545625 0.015638 0.013750
0 0.253910 0.566000 0.014217 0.012500
0 0.239977 0.685000 0.014217 0.012500
0 0.303668 0.701750 0.014217 0.012500
0 0.327978 0.709375 0.015638 0.013750
0 0.301678 0.734500 0.014217 0.012500
0 0.387546 0.769750 0.014217 0.012500
0 0.404464 0.792375 0.015638 0.013750
0 0.458345 0.790750 0.014217 0.012500
0 0.459198 0.760250 0.014217 0.012500
0 0.456781 0.833375 0.015638 0.013750
0 0.626670 0.854000 0.017060 0.015000
0 0.676429 0.786500 0.017060 0.015000
0 0.736565 0.713375 0.015638 0.013750
0 0.864231 0.736875 0.015638 0.013750
0 0.884561 0.756750 0.017060 0.015000
0 0.860961 0.680750 0.014217 0.012500
0 0.975121 0.646125 0.015638 0.013750
0 0.990475 0.654375 0.010520 0.011250
0 0.891669 0.565750 0.017060 0.015000
0 0.767273 0.532875 0.015638 0.013750
0 0.728177 0.512250 0.017060 0.015000
0 0.543361 0.654750 0.017060 0.015000
0 0.427211 0.660875 0.015638 0.013750
0 0.371481 0.675875 0.015638 0.013750
0 0.436736 0.554000 0.014217 0.012500
0 0.455644 0.488625 0.015638 0.013750
0 0.454222 0.409625 0.015638 0.013750
0 0.495451 0.374625 0.015638 0.013750
0 0.529855 0.355125 0.012795 0.011250
0 0.406597 0.287500 0.014217 0.012500
0 0.602502 0.332000 0.017060 0.015000
0 0.600796 0.198000 0.017060 0.015000
0 0.602218 0.144000 0.016491 0.012500
0 0.687233 0.172750 0.017060 0.015000
0 0.742536 0.264625 0.015638 0.013750
0 0.832954 0.253875 0.015638 0.013750