0 0.232958 0.226375 0.073152 0.069750
0 0.348846 0.152625 0.072103 0.057750
0 0.337179 0.121500 0.074463 0.044500
0 0.524253 0.105875 0.060566 0.057750
0 0.575642 0.106625 0.060566 0.057750
0 0.550210 0.166875 0.082066 0.069750
0 0.628343 0.211625 0.060566 0.057750
0 0.646696 0.147625 0.060566 0.057750
0 0.673178 0.100875 0.045359 0.055750
0 0.636471 0.097500 0.045359 0.050500
0 0.738988 0.215875 0.068432 0.043250
0 0.740692 0.254375 0.058731 0.039250
0 0.735973 0.316000 0.049816 0.047500
0 0.696775 0.346250 0.052176 0.047500
0 0.671080 0.301750 0.047457 0.050500
0 0.694153 0.287875 0.041164 0.039250
0 0.570792 0.364750 0.066597 0.063500
0 0.520844 0.443875 0.080493 0.076750
0 0.790771 0.390500 0.055060 0.052500
0 0.746460 0.409000 0.049816 0.047500
0 0.762585 0.449000 0.060042 0.052500
0 0.867855 0.324250 0.058207 0.047500
0 0.865496 0.365625 0.051390 0.038750
0 0.924751 0.332250 0.059255 0.063500
0 0.959491 0.437125 0.039067 0.057750
0 0.924095 0.442000 0.050603 0.055500
0 0.680650 0.508500 0.066597 0.063500
0 0.838621 0.497000 0.060566 0.060000
0 0.862874 0.520375 0.037231 0.043250
0 0.899843 0.512000 0.049816 0.047500
0 0.887520 0.541625 0.036707 0.024250
0 0.886209 0.570750 0.055060 0.052500
0 0.833377 0.567000 0.052176 0.041500
0 0.834426 0.599625 0.037493 0.035750
0 0.787231 0.597500 0.060042 0.052500
0 0.690089 0.653625 0.064499 0.057750
0 0.792868 0.640625 0.048243 0.039250
0 0.842947 0.648000 0.050865 0.052500
0 0.800603 0.672125 0.045359 0.039250
0 0.835212 0.685250 0.041164 0.037500
0 0.780808 0.702875 0.046670 0.039250
0 0.805454 0.742750 0.055060 0.052500
0 0.748165 0.740125 0.054274 0.055750
0 0.724174 0.710000 0.037231 0.042000
0 0.697299 0.699875 0.045359 0.043250
0 0.695464 0.739750 0.044310 0.032500
0 0.687598 0.758625 0.031725 0.039750
0 0.719979 0.795125 0.059255 0.048250
0 0.657708 0.785125 0.041164 0.039250
0 0.656791 0.752000 0.030939 0.029500
0 0.550603 0.823625 0.073938 0.057750
0 0.598191 0.704125 0.045359 0.043250
0 0.573020 0.716500 0.041164 0.045000
0 0.580493 0.653500 0.055060 0.052500
0 0.591374 0.775000 0.030676 0.032500
0 0.608023 0.742875 0.044573 0.035750
0 0.621919 0.770250 0.045097 0.052500
0 0.532512 0.766500 0.049816 0.047500
0 0.506555 0.748625 0.035134 0.039250
0 0.481778 0.737750 0.029628 0.040000
0 0.453592 0.748000 0.049816 0.047500
0 0.448479 0.704875 0.041164 0.039250
0 0.488464 0.694000 0.030939 0.029500
0 0.496985 0.717375 0.028055 0.026750
0 0.514814 0.706125 0.035396 0.039250
0 0.530939 0.598000 0.049816 0.047500
0 0.494232 0.577750 0.049816 0.047500
0 0.515469 0.651250 0.066597 0.063500
0 0.456214 0.591625 0.040902 0.043250
0 0.443498 0.532375 0.080493 0.076750
0 0.421474 0.607625 0.045359 0.043250
0 0.405087 0.590250 0.034085 0.032500
0 0.395910 0.643500 0.049816 0.047500
0 0.392764 0.687750 0.049816 0.047500
0 0.423309 0.670875 0.040115 0.043250
0 0.435632 0.438125 0.080493 0.076750
0 0.258915 0.477875 0.073152 0.078250
0 0.304405 0.503375 0.052963 0.057750
0 0.345307 0.510625 0.068170 0.069750
0 0.389748 0.542500 0.039591 0.047500
0 0.358416 0.555125 0.039853 0.035750
0 0.338883 0.584875 0.073152 0.069750
0 0.367724 0.606875 0.060566 0.057750