0 0.294305 0.326250 0.037583 0.032500
0 0.276814 0.291125 0.066782 0.057750
0 0.368170 0.198250 0.068517 0.047500
0 0.397803 0.326250 0.060711 0.052500
0 0.488002 0.321250 0.073432 0.063500
0 0.343163 0.459000 0.017346 0.015000
0 0.174183 0.445625 0.025730 0.022250
0 0.704105 0.326375 0.080659 0.069750
0 0.851113 0.296000 0.060711 0.052500
0 0.873663 0.412500 0.073432 0.063500
0 0.800376 0.483375 0.080659 0.069750
0 0.714947 0.605750 0.034114 0.029500
0 0.679965 0.615750 0.073432 0.063500
0 0.763082 0.632625 0.080659 0.074750
0 0.880312 0.665000 0.073432 0.063500
0 0.658716 0.651875 0.080659 0.069750
0 0.603498 0.671125 0.080659 0.069750
0 0.613761 0.728375 0.060711 0.057250
0 0.569529 0.721125 0.062446 0.059250
0 0.687771 0.776500 0.107546 0.093000
0 0.754264 0.873500 0.037583 0.032500
0 0.614195 0.905500 0.065048 0.047500
0 0.504626 0.884375 0.041341 0.039750
0 0.557531 0.883500 0.050014 0.050500
0 0.442035 0.860250 0.073432 0.063500
0 0.380312 0.894125 0.015901 0.013750
0 0.424834 0.817875 0.062735 0.035750
0 0.409511 0.842125 0.050014 0.043250
0 0.365134 0.814875 0.054351 0.039250
0 0.348511 0.848125 0.066782 0.057750
0 0.377132 0.783875 0.061000 0.043250
0 0.434952 0.771875 0.066782 0.057750
0 0.375398 0.728750 0.094536 0.071000
0 0.408644 0.672375 0.066782 0.057750
0 0.187048 0.567250 0.073432 0.063500