0 0.585584 0.373375 0.062822 0.051750
0 0.485129 0.415875 0.051897 0.042750
0 0.444765 0.363625 0.051897 0.042750
0 0.351897 0.369875 0.051897 0.042750
0 0.310622 0.425125 0.051897 0.042750
0 0.324279 0.468875 0.051897 0.042750
0 0.441426 0.518375 0.051897 0.042750
0 0.467527 0.499875 0.051897 0.042750
0 0.469954 0.541875 0.051897 0.042750
0 0.572231 0.529625 0.051897 0.042750
0 0.463581 0.627125 0.051897 0.042750
0 0.350683 0.573375 0.051897 0.042750
0 0.354021 0.670875 0.051897 0.042750
0 0.283005 0.713625 0.051897 0.042750
0 0.109712 0.573625 0.051897 0.042750
0 0.178604 0.552625 0.051897 0.042750
0 0.102124 0.512375 0.051897 0.042750
0 0.169196 0.480125 0.051897 0.042750
0 0.266616 0.357375 0.051897 0.042750
0 0.231108 0.318625 0.051897 0.042750
0 0.357967 0.309625 0.051897 0.042750
0 0.312747 0.250375 0.051897 0.042750
0 0.431411 0.269625 0.051897 0.042750
0 0.489681 0.290625 0.051897 0.042750
0 0.537936 0.216375 0.051897 0.042750
0 0.532777 0.183125 0.051897 0.042750
0 0.564340 0.189875 0.051897 0.042750
0 0.630197 0.215125 0.051897 0.042750
0 0.691502 0.289125 0.051897 0.042750
0 0.763429 0.343875 0.051897 0.042750
0 0.684522 0.155875 0.051897 0.042750
0 0.788012 0.203875 0.051897 0.042750
0 0.869347 0.304375 0.051897 0.042750
0 0.811988 0.374875 0.051897 0.042750
0 0.724583 0.416625 0.051897 0.042750
0 0.681184 0.413375 0.051897 0.042750
0 0.644461 0.440625 0.051897 0.042750
0 0.666009 0.503625 0.051897 0.042750
0 0.638695 0.586375 0.051897 0.042750
0 0.630197 0.597625 0.051897 0.042750
0 0.738240 0.627875 0.051897 0.042750
0 0.729439 0.658625 0.051897 0.042750
0 0.627769 0.801375 0.051897 0.042750