0 0.349986 0.838625 0.066898 0.057750
0 0.536490 0.873875 0.066898 0.057750
0 0.561106 0.619375 0.080799 0.069750
0 0.374023 0.520375 0.045468 0.039250
0 0.409065 0.524000 0.045468 0.047000
0 0.359832 0.492625 0.050101 0.043250
0 0.392268 0.579125 0.066898 0.057750
0 0.300898 0.528250 0.073559 0.063500
0 0.475239 0.456875 0.052708 0.035750
0 0.467275 0.487625 0.055314 0.039250
0 0.434694 0.383375 0.055025 0.049750
0 0.479004 0.374000 0.060817 0.052500
0 0.237619 0.367375 0.080799 0.069750
0 0.317840 0.199875 0.050101 0.043250
0 0.294382 0.269875 0.088908 0.076750
0 0.348538 0.226750 0.066898 0.067000
0 0.418621 0.228125 0.080799 0.076250
0 0.563858 0.479000 0.055025 0.047500
0 0.539096 0.442625 0.050101 0.043250
0 0.654069 0.414375 0.066898 0.057750
0 0.711266 0.583250 0.073559 0.063500
0 0.767883 0.508875 0.066898 0.057750
0 0.843469 0.335375 0.088908 0.076750
0 0.943093 0.631625 0.050101 0.054750
0 0.894874 0.638375 0.073559 0.068250