0 0.450983 0.169375 0.043599 0.043250
0 0.495590 0.209875 0.039567 0.039250
0 0.535408 0.188625 0.039567 0.042750
0 0.558216 0.204000 0.047883 0.047500
0 0.433720 0.197875 0.020161 0.021250
0 0.421245 0.190625 0.026966 0.026750
0 0.324345 0.241750 0.007056 0.007000
0 0.389239 0.251625 0.005796 0.005750
0 0.438256 0.226250 0.047883 0.047500
0 0.378150 0.221000 0.055192 0.047500
0 0.368196 0.261750 0.052923 0.052500
0 0.409652 0.387000 0.051663 0.052500
0 0.428049 0.385375 0.005796 0.005750
0 0.438508 0.386750 0.007056 0.007000
0 0.474672 0.390375 0.011341 0.011250
0 0.521547 0.412375 0.006300 0.006250
0 0.528100 0.432375 0.009325 0.009250
0 0.552923 0.438750 0.008569 0.008500
0 0.565398 0.457625 0.010333 0.010250
0 0.533140 0.488625 0.009325 0.009250
0 0.571699 0.520875 0.009325 0.009250
0 0.619330 0.569875 0.010333 0.010250
0 0.488533 0.567875 0.011341 0.011250
0 0.375504 0.646500 0.007056 0.007000
0 0.481729 0.803625 0.004284 0.004250
0 0.498110 0.791625 0.005292 0.005250
0 0.530368 0.725375 0.005796 0.005750
0 0.615045 0.692125 0.006300 0.006250
0 0.666835 0.497750 0.007056 0.007000
0 0.711568 0.458875 0.007812 0.007750
0 0.740675 0.461500 0.008569 0.008500
0 0.788684 0.437875 0.010333 0.010250
0 0.729713 0.379875 0.004788 0.004750
0 0.767515 0.274625 0.006300 0.006250
0 0.755292 0.247250 0.052923 0.052500
0 0.770035 0.350625 0.058216 0.057750
0 0.619204 0.433000 0.059476 0.065500
0 0.500630 0.427375 0.058216 0.063250
0 0.273690 0.350500 0.052923 0.061000
0 0.192540 0.483500 0.050403 0.047500
0 0.173135 0.567625 0.036794 0.024250
0 0.174521 0.541375 0.047127 0.035750
0 0.171875 0.589000 0.032762 0.032500
0 0.181326 0.605875 0.032006 0.044250
0 0.201487 0.602750 0.026966 0.035500
0 0.217364 0.617375 0.036038 0.035750
0 0.204007 0.643125 0.039567 0.031750
0 0.225176 0.670375 0.039567 0.039250
0 0.201865 0.684750 0.027722 0.035500
0 0.189264 0.689875 0.028226 0.037750
0 0.270161 0.757000 0.032762 0.044500
0 0.247354 0.753000 0.036038 0.047000
0 0.288306 0.789875 0.035786 0.024250
0 0.271043 0.804625 0.022429 0.030750
0 0.288684 0.808625 0.033518 0.024250
0 0.325983 0.819375 0.039567 0.039250
0 0.379662 0.796375 0.022429 0.022250
0 0.377772 0.762000 0.026210 0.013000
0 0.342616 0.766250 0.034526 0.032500
0 0.333039 0.741250 0.043599 0.046500
0 0.375252 0.725375 0.047379 0.035750
0 0.382182 0.750375 0.034526 0.018250
0 0.377520 0.777375 0.030746 0.022250
0 0.400958 0.806625 0.029738 0.036250
0 0.374874 0.825375 0.043599 0.043250
0 0.427923 0.791250 0.023690 0.021500
0 0.436114 0.784750 0.026966 0.032500
0 0.426537 0.807625 0.026966 0.026750
0 0.459425 0.785500 0.029738 0.029500
0 0.456527 0.807375 0.026966 0.026750
0 0.482359 0.762500 0.047883 0.047500
0 0.477697 0.811625 0.026966 0.026750
0 0.468372 0.834625 0.043599 0.043250
0 0.500630 0.799875 0.036038 0.035750
0 0.498488 0.839000 0.029738 0.039500
0 0.520035 0.836875 0.022429 0.040750
0 0.551285 0.842625 0.043599 0.043250
0 0.538432 0.703125 0.043599 0.043250