0 0.212324 0.302125 0.039567 0.039250
0 0.147303 0.492625 0.039567 0.039250
0 0.250756 0.510500 0.047883 0.047500
0 0.226815 0.554625 0.035786 0.026750
0 0.317666 0.536875 0.039567 0.039250
0 0.304814 0.577875 0.039567 0.039250
0 0.230343 0.575125 0.036290 0.025250
0 0.203629 0.592500 0.032762 0.032500
0 0.217364 0.629875 0.026966 0.026750
0 0.213080 0.613375 0.034526 0.018250
0 0.241305 0.627500 0.024446 0.033000
0 0.212324 0.669625 0.026966 0.026750
0 0.255544 0.641000 0.029738 0.029500
0 0.270161 0.658750 0.029738 0.029500
0 0.283014 0.678000 0.029738 0.029500
0 0.297505 0.722875 0.010333 0.010250
0 0.243070 0.697375 0.036038 0.035750
0 0.264113 0.750000 0.016633 0.016500
0 0.256048 0.736875 0.022681 0.018250
0 0.249370 0.746000 0.022429 0.023000
0 0.252520 0.762875 0.027722 0.022250
0 0.286038 0.756000 0.029738 0.035000
0 0.430696 0.785750 0.032762 0.032500
0 0.446195 0.677875 0.039567 0.039250
0 0.544103 0.649750 0.029738 0.029500
0 0.523816 0.790125 0.036038 0.035750
0 0.666079 0.838250 0.029738 0.040500
0 0.638231 0.839250 0.036038 0.040500
0 0.759703 0.763875 0.036038 0.035750
0 0.386215 0.492875 0.036038 0.035750
0 0.368448 0.477500 0.029738 0.029500
0 0.338584 0.434625 0.039567 0.039250
0 0.379662 0.225625 0.036038 0.035750
0 0.439390 0.178125 0.036038 0.035750
0 0.495212 0.189500 0.020161 0.020000
0 0.505166 0.194375 0.022429 0.022250
0 0.483997 0.171375 0.036038 0.035750
0 0.484123 0.200250 0.029738 0.029500
0 0.836316 0.615000 0.036038 0.028500
0 0.849798 0.597500 0.032762 0.032500
0 0.739541 0.524000 0.039567 0.030000
0 0.725176 0.486125 0.024950 0.027250
0 0.734249 0.494125 0.039567 0.039250
0 0.707913 0.472250 0.016633 0.016500
0 0.718750 0.477250 0.032762 0.032500
0 0.698841 0.488375 0.029234 0.033250
0 0.693926 0.424875 0.036038 0.035750
0 0.649572 0.438625 0.036038 0.035750
0 0.829259 0.420625 0.043599 0.043250
0 0.659652 0.380625 0.039567 0.039250
0 0.562878 0.195750 0.039567 0.032500
0 0.529990 0.207500 0.032762 0.032500
0 0.533140 0.229375 0.026966 0.026750
0 0.583543 0.208250 0.022429 0.028500
0 0.566532 0.168875 0.048387 0.035750
0 0.548135 0.231250 0.020161 0.034000
0 0.557964 0.232625 0.015121 0.038250
0 0.566280 0.240750 0.032762 0.032500
0 0.641003 0.198125 0.036038 0.035750
0 0.605595 0.204750 0.032762 0.032500
0 0.597026 0.227125 0.034778 0.025750
0 0.652218 0.237000 0.015121 0.015000
0 0.637223 0.236625 0.026966 0.026750
0 0.658140 0.228875 0.033518 0.024250
0 0.665953 0.208375 0.036038 0.035750
0 0.657636 0.264125 0.018397 0.018250
0 0.643775 0.259375 0.036038 0.035750
0 0.661164 0.246375 0.022429 0.022250
0 0.673765 0.253750 0.026966 0.035500
0 0.741053 0.256125 0.036038 0.035750
0 0.721774 0.262500 0.021169 0.040500
0 0.703629 0.259625 0.027722 0.043250
0 0.755670 0.287375 0.039567 0.039250
0 0.770287 0.273375 0.036038 0.035750