0 0.291609 0.369750 0.035763 0.032500
0 0.437139 0.407750 0.022008 0.020000
0 0.452682 0.393125 0.020083 0.018250
0 0.463686 0.385125 0.024484 0.022250
0 0.575378 0.343875 0.039340 0.035750
0 0.439890 0.218750 0.057772 0.052500
0 0.441678 0.174375 0.026685 0.024250
0 0.427785 0.131500 0.032462 0.029500
0 0.527235 0.218125 0.063549 0.057750
0 0.592435 0.173875 0.047593 0.043250
0 0.630674 0.121125 0.029436 0.026750
0 0.707015 0.230000 0.057772 0.052500
0 0.764374 0.217625 0.047593 0.043250
0 0.815268 0.229375 0.039340 0.035750
0 0.917056 0.334875 0.029436 0.026750
0 0.924484 0.426375 0.047593 0.043250
0 0.849794 0.480750 0.052270 0.047500
0 0.652407 0.403625 0.026685 0.024250
0 0.665062 0.446875 0.026685 0.024250
0 0.657497 0.494000 0.052270 0.047500
0 0.812655 0.615250 0.102338 0.093000
0 0.766162 0.667000 0.092985 0.084500
0 0.515268 0.859500 0.035763 0.032500
0 0.363411 0.809500 0.069876 0.063500
0 0.449381 0.578625 0.076754 0.069750
0 0.344842 0.637625 0.084457 0.076750
0 0.422696 0.664875 0.084457 0.076750
0 0.482944 0.636875 0.084457 0.076750