0 0.423201 0.183875 0.024283 0.020750
0 0.590404 0.434750 0.118198 0.101000
0 0.434172 0.415000 0.097718 0.083500
0 0.403599 0.472625 0.088648 0.075750
0 0.301931 0.405750 0.097718 0.083500
0 0.479228 0.566000 0.097718 0.083500
0 0.836893 0.660375 0.107373 0.091750
0 0.850790 0.362750 0.097718 0.083500
0 0.764190 0.308000 0.097718 0.083500
0 0.580895 0.318125 0.107373 0.091750
0 0.429198 0.295750 0.097718 0.083500
0 0.350497 0.275250 0.080749 0.069000
0 0.230544 0.282500 0.073142 0.062500
0 0.109128 0.511750 0.080749 0.069000
0 0.201580 0.492500 0.080749 0.069000
0 0.222645 0.525000 0.080749 0.069000
0 0.282914 0.569500 0.097718 0.083500
0 0.304857 0.641000 0.118198 0.101000
0 0.303394 0.746750 0.080749 0.069000
0 0.490784 0.826125 0.107373 0.091750
0 0.572996 0.783125 0.107373 0.091750
0 0.724254 0.715625 0.107373 0.091750
0 0.718403 0.765125 0.088648 0.075750
0 0.733762 0.841750 0.080749 0.069000