0 0.186293 0.688750 0.007615 0.007000
0 0.171743 0.673125 0.011150 0.009250
0 0.169024 0.668375 0.010063 0.009250
0 0.248980 0.646875 0.011150 0.010250
0 0.221240 0.587875 0.012238 0.011250
0 0.146723 0.605875 0.006799 0.009250
0 0.169160 0.552000 0.013598 0.012500
0 0.212537 0.511625 0.011150 0.010250
0 0.251972 0.490125 0.012238 0.011250
0 0.259315 0.506125 0.012238 0.011250
0 0.227223 0.473625 0.012238 0.011250
0 0.200979 0.455500 0.013598 0.012500
0 0.189693 0.438375 0.012238 0.011250
0 0.356269 0.632750 0.009247 0.008500
0 0.365515 0.619500 0.007615 0.007000
0 0.365379 0.627875 0.012238 0.011250
0 0.409437 0.708875 0.011150 0.010250
0 0.346614 0.791375 0.010063 0.009250
0 0.333832 0.770125 0.011150 0.010250
0 0.403454 0.783125 0.010063 0.009250
0 0.391216 0.852125 0.012238 0.011250
0 0.460838 0.856875 0.011150 0.010250
0 0.467909 0.846875 0.011150 0.010250
0 0.543514 0.765625 0.012238 0.011250
0 0.572070 0.866125 0.011150 0.010250
0 0.581044 0.859125 0.011150 0.010250
0 0.579956 0.875875 0.012238 0.011250
0 0.553576 0.889125 0.010063 0.009250
0 0.542970 0.881375 0.012238 0.011250
0 0.830976 0.749375 0.011150 0.010250
0 0.842671 0.753375 0.011150 0.010250
0 0.858172 0.726625 0.011150 0.010250
0 0.899510 0.689125 0.011150 0.010250
0 0.836144 0.669875 0.011150 0.010250
0 0.796981 0.664625 0.011150 0.010250
0 0.876666 0.629875 0.010063 0.009250
0 0.914740 0.629625 0.011150 0.010250
0 0.909573 0.650625 0.011150 0.010250
0 0.562007 0.558875 0.012238 0.011250
0 0.623742 0.519875 0.011150 0.010250
0 0.487762 0.480625 0.011150 0.010250
0 0.447784 0.467125 0.012238 0.011250
0 0.722736 0.598625 0.010063 0.009250
0 0.701251 0.532375 0.010063 0.009250
0 0.703971 0.495875 0.011150 0.010250
0 0.738782 0.501375 0.008431 0.007750
0 0.644411 0.465125 0.011150 0.010250
0 0.634349 0.426125 0.010063 0.009250
0 0.603345 0.415625 0.011150 0.010250
0 0.328393 0.305625 0.011150 0.010250
0 0.362116 0.298875 0.012238 0.011250
0 0.347702 0.273125 0.012238 0.011250
0 0.339543 0.254875 0.012238 0.011250
0 0.338455 0.214375 0.011150 0.009250
0 0.419772 0.286625 0.011150 0.010250
0 0.412837 0.265750 0.009247 0.008500
0 0.415964 0.272875 0.010063 0.009250
0 0.406174 0.269875 0.010063 0.009250
0 0.459478 0.315625 0.010063 0.009250
0 0.489394 0.301625 0.011150 0.010250
0 0.458118 0.226625 0.011150 0.010250
0 0.452135 0.234125 0.011150 0.010250
0 0.564047 0.298875 0.008703 0.011250
0 0.571662 0.298125 0.006527 0.009250
0 0.608512 0.177875 0.011150 0.010250
0 0.606881 0.217875 0.012238 0.011250
0 0.634077 0.267375 0.010063 0.009250
0 0.671063 0.299125 0.010063 0.009250
0 0.665624 0.378750 0.010063 0.008000
0 0.665624 0.371125 0.011150 0.008750
0 0.652026 0.382125 0.010063 0.009250
0 0.689557 0.317375 0.010063 0.009250
0 0.703427 0.326375 0.008431 0.007750
0 0.681942 0.326625 0.011150 0.010250
0 0.694860 0.169750 0.009247 0.006000
0 0.724640 0.184250 0.012238 0.010000
0 0.731711 0.293625 0.010063 0.009250
0 0.705330 0.275375 0.011150 0.010250
0 0.708186 0.266250 0.009247 0.008500
0 0.779848 0.275875 0.012238 0.011250
0 0.845118 0.272125 0.011150 0.010250
0 0.742045 0.326125 0.011150 0.010250
0 0.763666 0.320750 0.009247 0.008500
0 0.779440 0.332250 0.009247 0.008500
0 0.789774 0.334000 0.009247 0.008500
0 0.776584 0.346875 0.010063 0.009250
0 0.751020 0.353625 0.010063 0.009250
0 0.771145 0.380125 0.010063 0.009250
0 0.749116 0.403875 0.010063 0.009250
0 0.753060 0.407625 0.009247 0.009750
0 0.702747 0.424000 0.009247 0.006000
0 0.704379 0.418250 0.009247 0.007500
0 0.770873 0.458250 0.008431 0.005500
0 0.772097 0.463125 0.011422 0.009250
0 0.786103 0.467625 0.010063 0.009250
0 0.805412 0.320625 0.010063 0.009250
0 0.803236 0.327625 0.011150 0.010250
0 0.799565 0.369750 0.009247 0.008500
0 0.790046 0.368000 0.009247 0.008000
0 0.792494 0.362000 0.009247 0.008500
0 0.817106 0.369625 0.010063 0.009250
0 0.809491 0.390625 0.010063 0.009250
0 0.838047 0.396375 0.011150 0.010250
0 0.860076 0.397125 0.010063 0.009250
0 0.857629 0.412125 0.008431 0.006750
0 0.857900 0.406500 0.010063 0.007500
0 0.857629 0.419125 0.008431 0.007750
0 0.896519 0.441750 0.010063 0.010500
0 0.906717 0.440250 0.009247 0.008500
0 0.891896 0.449625 0.010063 0.009250
0 0.938945 0.421125 0.006799 0.006250
0 0.940713 0.401250 0.010878 0.012500
0 0.792630 0.496250 0.012238 0.010000
0 0.819418 0.478750 0.009247 0.008500
0 0.816018 0.444625 0.010063 0.009250
0 0.811395 0.439375 0.010063 0.009250
0 0.821322 0.449500 0.009247 0.008500
0 0.846070 0.470750 0.009247 0.008500
0 0.849606 0.473750 0.009247 0.008500
0 0.848654 0.496125 0.011150 0.010250
0 0.824177 0.508875 0.010063 0.009250
0 0.831792 0.515625 0.010063 0.009250
0 0.814931 0.530375 0.012238 0.011250
0 0.802964 0.533625 0.012238 0.011250
0 0.890128 0.505375 0.009247 0.008750
0 0.892983 0.498000 0.011150 0.008500
0 0.900326 0.505125 0.010063 0.009250
0 0.891624 0.488625 0.011150 0.008750
0 0.882105 0.510125 0.008431 0.007750
0 0.870955 0.517625 0.010063 0.009250